# Created by Octave 4.4.1, Tue Nov 13 16:02:13 2018 CET <juan@MacBook-Pro-de-Juan-2.local>
# name: all_theta
# type: matrix
# rows: 10
# columns: 401
 -3.3737490798484826 0 0 9.3249498894871732e-05 -0.0008617477931743251 -0.00093892453210365665 0.00153239724854632 -0.018673869911864011 -0.001353823295011818 0.00060156042185138098 0.00047763628875893102 6.719513103062981e-05 0.00043731121416050125 0.0019543664187106138 0.0016495227990650338 0.0044354083985295289 0.0058396012179970733 0.00049190385037765341 -8.3399838185085093e-05 -8.5604152028547643e-08 0 -1.546492560912672e-08 9.7889023532069648e-06 -0.0011816735601549425 0.0098154538378468544 0.011251261721263214 0.0021136525471299422 -0.024946167357317129 5.834412651530503e-05 0.0011396547860174037 -0.0094054596026721463 -0.0011614467715577775 -0.0049072926571976528 -0.021436992305047527 -0.01242142006881705 -0.039920368363414525 -0.054702774996340547 0.0066820521602596154 0.010303038219421459 0.00032036427625597275 0.00017548264965396609 1.2509380872743686e-07 -0.00030284765533744232 0.00032559625459307947 0.02848634334687862 0.07079663256525312 0.10577943171054012 0.10423365740612915 -0.059286860476416209 -0.091154624160209113 -0.022973563508410118 -0.040746294965582706 -0.0056218843092580555 -0.065629193989685919 -0.18067209152489949 -0.2910924688644716 -0.22407792589647876 -0.045084692641413571 0.054971755113372128 0.00079903085556923986 -0.00037497692625677105 6.3054874525839295e-07 0.0014792464181750781 0.005011221174958504 -0.18125889156062383 -0.66007575624889825 -1.014549858763649 -1.3692380083593501 -0.80859308792721729 -0.90231731276079918 -0.085797642559755083 0.36736001205395491 -0.11733199818907981 0.0056116534227390463 -0.55151931714567326 -0.75246416773444558 -1.1465820068724528 -1.5736696430566022 -1.5086461929844244 -0.032930241209878683 -0.018052444631971011 1.3950722483084535e-06 0.0073753792212896234 -0.054262881799329761 -0.18423388661504175 -0.51208835142719866 -3.2139156480818869 -2.4416015327811231 0.0091370396319745868 1.4924729270434389 2.2330866721611629 -0.0025982190731212084 -0.54516591907144929 0.15378272472651389 -1.0419092163708175 -1.1225946536199483 1.9641055588119831 0.15611449449533066 -1.3975519111377299 -0.24887780115617653 -0.040480973541695726 -1.6187038359323086e-05 -0.016787932643309102 -0.1372757633480102 1.6787858722182485 0.093513292720111177 -0.82914097648727858 -1.5594102619744195 -0.91398773593425409 2.4831157108862998 1.6335966688884163 -2.2504967582059594 -1.3788184708740419 -0.1065789698908995 -1.6200935616187546 -1.7250305614228958 4.1849553484098161 0.95965754258696023 -3.4461400367071069 -0.70998926754252922 -0.047155609387953434 -0.00016357354739513874 0.014932444882840316 -0.85693002114876959 -0.35844723141885559 -0.59781892562887373 -1.4830322791330639 -0.62726561936110281 -1.0856592534809815 -0.67825745059943399 -1.258887758569843 -1.0277474619508633 -0.70195517158620691 -0.16027341728011568 -0.87722006782873163 -1.9226404811441777 -2.0437500271694584 -0.021199135976831374 -1.8986140904014803 -1.1781919819848259 -0.030022046517887022 -0.00089520421356019701 0.050972659615982484 -1.685074014089553 -2.8711737582363726 -0.85516261519460568 -1.0921894632869034 0.11758014202472954 -0.83311802905502663 0.86183644693054307 -2.3243302984478111 -2.3765521460896317 -1.2697843341002149 -2.4449409774535384 1.628235469009834 2.4117008589355473 -0.95463309651293304 0.0140583832375229 0.096322013421503011 -2.6650553038013762 0.0032180315487956119 0.021846734417334458 -0.27000685301053418 -1.3193176754146789 -0.53794767459691606 -1.9338533207019697 -1.4008759620636784 0.22719155500953578 0.11297984674453548 -0.39379801730104302 -2.2553502259193876 -0.45842165955474878 0.73711542131301222 -0.81424215921413889 -2.0899162238495022 0.55683516225626484 -0.10593834230403779 -1.0178758788293427 -1.6489270972114727 -3.1254093458199002 -0.46742495081190777 0.045265110826450891 -0.51403382354805005 -0.23709734700404708 -0.77323997296659952 -0.92153616593536103 -0.40213088205499509 -0.22612653857479678 0.22313204059067257 0.49651408610206194 0.44976415846542317 1.0654887350683833 0.65111543969585461 1.0157497273008009 0.73705231010649341 0.19512145816697435 -1.5018810559424889 -0.19232800904980013 -0.22169807346195189 -2.2976763349449958 -0.13206234802273636 0.029814165326739528 -0.28451834675458981 0.80082944518435284 -1.5844060344969901 -2.5915107810139744 0.39268166584268327 -0.47703532396047904 0.53876869428404939 3.0442186290995275 3.0250910433459604 2.1580501783889305 2.520926146997768 -0.10483357451105962 1.4006057889269552 -0.10264861059896399 0.14580474286036538 -0.28866715117816655 -1.6094736029317993 -1.7677469833983963 0.053609567536324232 0.0086060451893905238 -0.1672734572251775 0.52839041475672499 2.2830247359661739 0.74089596658282464 -0.47730335051261819 -1.0038535172702405 1.9793681656137048 1.3579788512857105 0.44831376798928702 -1.1502134558299812 0.20457897162412109 -1.9583314464821315 -1.1856064350018471 0.72296962705384693 0.96765182293140872 0.89125922431821281 -2.9343227780142573 -1.9713656260719701 -0.051666118831222282 0.022979102722852172 -0.19274359354421533 -2.4924175609524308 -3.0446031335097241 -1.5868529965593903 -2.1177155328435857 -0.43383907985947012 0.044001634585421653 0.11056671698797589 0.079014268636500629 0.92669799586955348 1.2677764083308389 -0.93653200470639364 -0.80766094953354606 -1.3271075985943177 -1.3338393671259798 2.3630117271277116 0.76047504839438695 -0.95473951404543367 -0.12290464037193002 0.018238144054151546 -0.25312044346443158 -0.92337357955300059 1.664213514518651 0.65743850882915 1.9705943413771334 -0.95658441478005163 -1.3035337526088013 1.4377361271808176 -1.4515491173498465 -1.3392595035537227 -2.6541979820247237 -1.4409112464362792 1.3462925042526874 1.7684261976898912 -0.87129762908988739 1.3039829956253315 0.33554660306878054 -0.82860405513017177 -0.040828674447424815 0.0025682595817011324 -0.016141611699316577 -0.55847741729580624 -0.67762473677911828 -0.30416077563002503 -0.62445229277450376 -1.0452945164146059 -0.68698173008328434 -2.4493301027799506 -2.2070440422817046 -1.1220809260430227 -2.0683336369018637 -1.4702343091965018 1.9791031073669432 -0.93680810088196764 -0.24058680751549222 2.3551099290904185 -1.3167717992616768 -0.73694872971103065 -0.043929166308194677 -0.00017214289471237783 0.019746737696164123 -0.17718272943912558 -1.3642624912134769 -1.272220487028682 1.1108468516721932 -0.2748712273485438 -1.5195533993855981 -1.2768382337276443 -0.95923636114176192 -1.3701681968743162 -1.7782025676144604 -1.6686304395245923 -1.5156949510152971 -0.68569363659439053 0.60190326145742057 0.11482360495852076 -1.5240821771820956 -0.016915075756901887 -0.0087397678884994466 -1.230585363447688e-05 -0.012466167290491324 0.086779214073966854 0.70161488654155191 -1.0982556333555527 -1.0347119655446986 -1.2240271079425964 -0.99491547904804567 -0.46773745235735609 -0.31928659863189496 -0.18112798905357988 -0.3280659259568498 -0.92857583305162494 0.30256592833549401 0.85619237106189205 0.16924166801633753 -0.64537066814458732 -0.47573341895508792 -0.011991495940559408 -0.0072708273615337271 9.0038216982307485e-06 -0.0062771973281837519 0.042635003082901565 0.38738285493123037 -1.0389580151728164 -1.448453418217081 -0.72116883432662293 0.029082913817244878 -0.0025190836046143639 -0.27675232938194905 -0.038444129198249161 -0.11707974311725532 -0.33447832438530911 0.56704999000119538 2.6054522849992008 2.8810991453933217 0.6710197290747143 -0.24318506333417694 -0.013569512630877851 0.0002207679999653189 -3.1503838862181676e-07 0.00078690041278816909 0.0029161244170227527 -0.099643858276059941 -0.39434786910562114 -0.13975189985259409 -0.16463577888850278 0.70173081483100641 0.53276845674380213 -0.13672148502849202 0.27501934668646261 0.037505432772911775 -0.1053700010820401 0.00090446535873636334 0.5615943123546292 1.8392153442588517 0.48232850964324409 -0.048850055412260548 0.00077849736472985196 